# Created by Octave 5.1.0, Mon Nov 22 12:48:08 2021 GMT <unknown@LAPTOP-51RUR4NJ>
# name: T2
# type: matrix
# rows: 1
# columns: 3
 0 3 5


# name: v2
# type: matrix
# rows: 1
# columns: 3
 2 3 1


# name: a2
# type: matrix
# rows: 1
# columns: 3
 0.29999999999999999 -0.10000000000000001 0.10000000000000001


